[TransParams]
trans_x = -527.5404727153334
trans_y = 63.799967013762256
trans_z = 84.37148570983828
trans_yaw = -90.77875826704266
trans_pitch = -1.7609437958470175
trans_roll = -92.12507060174605

