[TransParams]
trans_x = -527.5404728473046
trans_y = 63.79996590771658
trans_z = 84.37148934903543
trans_yaw = -90.77875819096649
trans_pitch = -1.7609437670820403
trans_roll = -92.12507083538044

