[TransParams]
trans_x = 393.9007346384816
trans_y = 92.78610456162326
trans_z = 971.7128793271077
trans_yaw = -1.568616659681497
trans_pitch = -0.04488414683257974
trans_roll = -1.6105466945013194

