[TransParams]
trans_x = -1105.186679021748
trans_y = 128.0743051325727
trans_z = 144.83234350153273
trans_yaw = -94.3688301390822
trans_pitch = 2.0437351108563506
trans_roll = -93.79852727624012

